ISS (ZARYA)             
1 25544U 98067A   18022.89227859  .00001953  00000-0  36659-4 0  9994
2 25544  51.6424  23.0322 0003370  42.3339  31.0172 15.54199309 95928
TIANGONG 1              
1 37820U 11053A   18023.08843127  .00081341  11076-4  15118-3 0  9992
2 37820  42.7523 275.8204 0019050 227.3403 274.5019 16.00303032362927
AGGIESAT 4              
1 41313U 98067HP  18023.17482912  .00129391  18094-4  27586-3 0  9992
2 41313  51.6321 298.2022 0002298 166.2032 193.9040 15.98406106113773
FLOCK 2E'-1             
1 41479U 98067HZ  18023.05476291  .00076570  00000-0  29809-3 0  9999
2 41479  51.6319 323.8241 0002117  92.5509 267.5738 15.86410752 96536
FLOCK 2E'-3             
1 41480U 98067JA  18023.11548011  .00055401  00000-0  23926-3 0  9992
2 41480  51.6250 324.1920 0001645  86.4534 273.6657 15.84382721 96524
FLOCK 2E-1              
1 41483U 98067JD  18023.20273495  .00038659  00000-0  20978-3 0  9996
2 41483  51.6345 328.7322 0001541  94.1933 265.9244 15.79623707 96333
FLOCK 2E-2              
1 41484U 98067JE  18023.48962731  .05278705  12166-4  76763-3 0  9991
2 41484  51.6214 314.6118 0005453 204.2501 156.1609 16.33801844 96547
FLOCK 2E-3              
1 41486U 98067JG  18022.88021966  .00037997  00000-0  18372-3 0  9995
2 41486  51.6300 330.2488 0001815 118.2382 241.8803 15.82148264 96303
FLOCK 2E-4              
1 41487U 98067JH  18023.11742621  .00176112  00000-0  62460-3 0  9991
2 41487  51.6275 327.3070 0005538 142.5443 217.5949 15.87945735 96363
FLOCK 2E-6              
1 41563U 98067JM  18022.87709097  .00313440  51015-4  69265-3 0  9991
2 41563  51.6277 329.4004 0004570 125.0597 235.0841 15.97472925 94384
FLOCK 2E-5              
1 41564U 98067JN  18022.88229945  .00026873  00000-0  17294-3 0  9992
2 41564  51.6287 336.3242 0001722  13.0515 347.0529 15.75982808 94287
FLOCK 2E-7              
1 41565U 98067JP  18023.07776975  .00056632  00000-0  23116-3 0  9991
2 41565  51.6266 322.4092 0000495 201.3497 158.7486 15.85552666 94387
FLOCK 2E'-5             
1 41567U 98067JR  18022.39470565  .00025368  00000-0  17472-3 0  9993
2 41567  51.6332 342.1350 0002196 262.0588  98.0162 15.74450331 94037
FLOCK 2E'-6             
1 41568U 98067JS  18023.09982236  .00044621  00000-0  24005-3 0  9998
2 41568  51.6293 330.9351 0000574 265.0541  95.0395 15.79747485 94275
FLOCK 2E'-8             
1 41569U 98067JT  18023.09325973  .00065048  00000-0  24795-3 0  9990
2 41569  51.6297 321.0450 0001710 118.6063 241.5114 15.86906766 94281
FLOCK 2E-9              
1 41571U 98067JV  17358.79358663  .07570510  12393-4  99252-3 0  9996
2 41571  51.6107 107.3098 0009920 356.3054   4.2290 16.34648771 89702
FLOCK 2E-10             
1 41572U 98067JW  18023.03953500  .00177460  00000-0  59792-3 0  9998
2 41572  51.6316 324.5207 0003355 175.3087 184.7951 15.88984448 94213
FLOCK 2E-12             
1 41573U 98067JX  18023.08674809  .00073135  00000-0  26402-3 0  9992
2 41573  51.6293 320.9950 0000547 138.5512 221.5535 15.87967553 94267
FLOCK 2E-11             
1 41574U 98067JY  18023.10128644  .00065235  00000-0  24754-3 0  9997
2 41574  51.6229 320.2077 0000491 290.1652  69.9299 15.86998403 94277
FLOCK 2E'-9             
1 41575U 98067JZ  18022.23580116  .00127181  17394-4  34580-3 0  9992
2 41575  51.6253 319.6169 0001652 108.1055 252.0132 15.93964930 94192
FLOCK 2E'-10            
1 41576U 98067KA  18022.30323097  .00356764  60622-4  95875-3 0  9991
2 41576  51.6283 323.2667 0001880 178.5440 181.5574 15.93865836 94058
FLOCK 2E'-11            
1 41577U 98067KB  18022.25824414  .00066152  00000-0  27142-3 0  9996
2 41577  51.6324 327.5748 0000641 201.4550 158.6427 15.85383526 93811
FLOCK 2E'-12            
1 41578U 98067KC  18022.28987773  .00171382  22852-4  40196-3 0  9997
2 41578  51.6211 319.9536 0003312 140.5753 219.5497 15.96564284 93912
FLOCK 2E'-13            
1 41761U 98067KH  18023.14856366  .00051923  00000-0  39506-3 0  9998
2 41761  51.6345 357.0617 0006409  33.9978 326.1430 15.71723503 77346
FLOCK 2E'-14            
1 41762U 98067KJ  18022.95944358  .00014157  00000-0  13380-3 0  9996
2 41762  51.6376 358.8658 0005782  13.0758 347.0387 15.67285057 77304
FLOCK 2E'-16            
1 41763U 98067KK  18023.17398778  .00055755  00000-0  40289-3 0  9998
2 41763  51.6360 355.0282 0006128  49.2273 310.9256 15.72914621 77337
FLOCK 2E'-15            
1 41764U 98067KL  18023.18723639  .00013185  00000-0  12949-3 0  9991
2 41764  51.6377 358.8866 0005512  20.4846 339.6370 15.66399833 77282
TIANGONG-2              
1 41765U 16057A   18023.16519492  .00004366  00000-0  56701-4 0  9995
2 41765  42.7833 127.1672 0004258 314.8222 116.9364 15.60180561 77321
FLOCK 2E'-18            
1 41769U 98067KM  18022.39889026  .00014160  00000-0  13850-3 0  9997
2 41769  51.6377   2.6149 0004740  36.7948 323.3372 15.66429838 77168
FLOCK 2E'-17            
1 41776U 98067KN  18023.17978471  .00047457  00000-0  37764-3 0  9990
2 41776  51.6364 357.3530 0006042  60.8228 299.3373 15.70695165 77292
FLOCK 2E'-19            
1 41777U 98067KP  18023.15468774  .00025269  00000-0  18765-3 0  9996
2 41777  51.6350 349.5633 0003791  48.6042 311.5282 15.72682169 77356
FLOCK 2E'-20            
1 41782U 98067KQ  18022.92578477  .00021667  00000-0  17316-3 0  9997
2 41782  51.6364 353.3490 0004054  41.4107 318.7197 15.71034589 77155
BANXING-2               
1 41834U 16057H   18023.09342006  .00012955  00000-0  90605-4 0  9993
2 41834  42.7825  99.8174 0009483 358.9068  72.6830 15.74113939 71693
STARS-C                 
1 41895U 98067KR  18022.89139575  .00178386  22733-4  58139-3 0  9990
2 41895  51.6324 349.1963 0005587  88.2982 271.8664 15.90311532 62548
ITF-2                   
1 41932U 98067KU  18022.85649897  .00023182  00000-0  20710-3 0  9997
2 41932  51.6390   4.9640 0004767  22.1844 337.9358 15.68275415 57906
WASEDA-SAT3             
1 41933U 98067KV  18022.90146604  .00029647  00000-0  23704-3 0  9990
2 41933  51.6363   2.1919 0004642  27.4902 332.6340 15.70821616 57941
AOBA-VELOX 3            
1 41935U 98067KX  18022.41130076  .00030349  00000-0  25230-3 0  9991
2 41935  51.6382   5.7181 0004354  25.9449 334.1766 15.69870011 57954
OSNSAT                  
1 41939U 98067KZ  18011.28402027  .11925055  12489-4  54124-3 0  9997
2 41939  51.6147  38.9582 0001091 231.1728 128.9202 16.43639489 55773
LEMUR-2-REDFERN-GOES    
1 42059U 98067LA  18023.17763811  .00026349  00000-0  24083-3 0  9992
2 42059  51.6370   6.3103 0006774  44.5662 315.5878 15.67617944 50404
LEMUR-2-TRUTNA          
1 42067U 98067LC  18022.88718375  .00070756  00000-0  35949-3 0  9997
2 42067  51.6420 356.7994 0005300  59.1399 301.0123 15.80793620 50338
LEMUR-2-AUSTINTACIOUS   
1 42068U 98067LD  18023.17931874  .00031442  00000-0  26082-3 0  9999
2 42068  51.6378   4.0683 0006265  39.2816 320.8635 15.69891338 50365
LEMUR-2-TRUTNAHD        
1 42069U 98067LE  18023.16836140  .00028338  00000-0  25001-3 0  9999
2 42069  51.6380   5.5229 0006135  44.0200 316.1285 15.68449984 50395
HAVELSAT                
1 42700U 98067LH  18023.17334353  .00020975  00000-0  22043-3 0  9993
2 42700  51.6387  12.3117 0005768  64.8911 295.2682 15.64273264 39270
SOMP 2                  
1 42701U 98067LJ  18023.22280458  .00020087  00000-0  21591-3 0  9997
2 42701  51.6383  12.6418 0005737  64.9939 295.1651 15.63729054 39267
COLUMBIA                
1 42702U 98067LK  18023.17067936  .00166879  00000-0  69542-3 0  9994
2 42702  51.6307   0.9070 0006525  78.0764 282.0971 15.84651959 39346
SGSAT                   
1 42703U 98067LL  18023.20904671  .00068560  00000-0  46359-3 0  9994
2 42703  51.6341   5.7209 0003502  44.7616 315.3665 15.74395272 39274
CXBN-2                  
1 42704U 98067LM  18022.58333964  .00021478  00000-0  22931-3 0  9993
2 42704  51.6389  15.8781 0002421  22.6549 337.4552 15.63865611 39090
ICECUBE                 
1 42705U 98067LN  18023.17231624  .00035563  00000-0  33161-3 0  9997
2 42705  51.6423  10.8498 0002687  28.1411 331.9730 15.66978326 39271
PHOENIX                 
1 42706U 98067LP  18023.21059626  .00017170  00000-0  18625-3 0  9995
2 42706  51.6385  12.5637 0001872  42.4860 317.6279 15.63630068 39189
X-CUBESAT               
1 42707U 98067LQ  18022.99012472  .00021613  00000-0  22641-3 0  9998
2 42707  51.6366  13.3167 0002075  42.6728 317.4428 15.64345884 39147
QBEE50-LTU-OC           
1 42708U 98067LR  18023.20208692  .00021150  00000-0  22459-3 0  9998
2 42708  51.6380  12.4928 0002088  42.9688 317.1470 15.64014179 39134
ALTAIR PATHFINDER       
1 42711U 98067LS  18023.19868520  .00012228  00000-0  15051-3 0  9998
2 42711  51.6385  15.4774 0004232   9.0258 351.0811 15.60668140 38803
SHARC                   
1 42712U 98067LT  18023.18653356  .00011411  00000-0  14572-3 0  9997
2 42712  51.6401  16.1726 0002625  22.2430 337.8676 15.59776182 39032
ZA-AEROSAT              
1 42713U 98067LU  18023.19429203  .00017792  00000-0  20107-3 0  9990
2 42713  51.6379  13.9497 0002519  12.2203 347.8852 15.62544552 38827
LINK                    
1 42714U 98067LV  18023.19892664  .00033114  00000-0  30953-3 0  9992
2 42714  51.6354  10.9450 0002819  21.8757 338.2359 15.66953551 38979
CSUNSAT 1               
1 42715U 98067LW  18023.18472833  .00018165  00000-0  20332-3 0  9993
2 42715  51.6390  13.8900 0004235   2.2118 357.8894 15.62772224 38827
UPSAT                   
1 42716U 98067LX  18022.96723587  .00026701  00000-0  26159-3 0  9992
2 42716  51.6378  12.4279 0004350  65.3784 294.7664 15.65896036 38954
SPACECUBE               
1 42717U 98067LY  18023.22231862  .00020776  00000-0  22155-3 0  9991
2 42717  51.6376  12.6317 0004351  65.9311 294.2138 15.63914194 38215
HOOPOE                  
1 42718U 98067LZ  18023.22085887  .00023389  00000-0  23891-3 0  9997
2 42718  51.6383  11.8738 0004354  63.5967 296.5474 15.64926778 38227
CHALLENGER              
1 42721U 98067MA  18023.16815168  .00039133  00000-0  33977-3 0  9997
2 42721  51.6364   9.9882 0006629  50.3171 309.8410 15.68668285 37942
NJUST-1                 
1 42722U 98067MB  18023.18397171  .00016148  00000-0  18712-3 0  9990
2 42722  51.6386  14.6326 0006988  49.8432 310.3173 15.61958051 37886
UNSW-ECO                
1 42723U 98067MC  18023.19119165  .00026719  00000-0  27092-3 0  9993
2 42723  51.6392  12.4359 0006609  49.1870 310.9698 15.65016303 37893
DUTHSAT                 
1 42724U 98067MD  18023.21182583  .00037130  00000-0  33115-3 0  9993
2 42724  51.6369  10.2988 0005928  52.1985 307.9547 15.68040584 37841
LILACSAT-1              
1 42725U 98067ME  18023.19429784  .00020393  00000-0  22490-3 0  9995
2 42725  51.6386  13.9530 0006044  51.7859 308.3679 15.63057445 37793
NSIGHT-1                
1 42726U 98067MF  18023.18541022  .00008901  00000-0  11793-3 0  9990
2 42726  51.6400  16.9099 0006432  54.3136 305.8455 15.59114595 37768
SNUSAT-1                
1 42727U 98067MG  18023.19776385  .00019696  00000-0  21791-3 0  9996
2 42727  51.6372  13.9505 0007326  17.5328 342.5918 15.62991604 37763
QBITO                   
1 42728U 98067MH  18023.19093142  .00023200  00000-0  24703-3 0  9992
2 42728  51.6403  13.2060 0003823  57.1277 303.0085 15.63878278 37612
AALTO-2                 
1 42729U 98067MJ  18023.18666369  .00023036  00000-0  24443-3 0  9997
2 42729  51.6386  13.1553 0003783  56.3663 303.7692 15.63972234 37623
SUSAT                   
1 42730U 98067MK  18023.21986822  .00020317  00000-0  22078-3 0  9993
2 42730  51.6381  13.3684 0003828  54.4983 305.6368 15.63449832 37614
I-INSPIRE II            
1 42731U 98067ML  18023.16564587  .00028530  00000-0  28476-3 0  9991
2 42731  51.6375  12.2326 0006359   7.6647 352.4445 15.65377581 37673
POLYITAN-2-SAU          
1 42732U 98067MM  18022.97929020  .00022991  00000-0  24193-3 0  9994
2 42732  51.6380  13.9976 0006378   5.1791 354.9268 15.64172269 37634
SNUSAT-1B               
1 42733U 98067MN  18023.22119283  .00020174  00000-0  21929-3 0  9991
2 42733  51.6381  13.3683 0006542   7.6777 352.4317 15.63433527 37666
EXALTA-1                
1 42734U 98067MP  18023.17129576  .00028125  00000-0  28060-3 0  9999
2 42734  51.6366  12.2702 0007856  28.5435 331.5989 15.65383532 37623
AOXIANG-1               
1 42735U 98067MQ  18023.17086793  .00016953  00000-0  19485-3 0  9990
2 42735  51.6379  14.5346 0007459  46.8630 313.2987 15.62125426 39019
BEEAGLESAT              
1 42736U 98067MR  18023.19693148  .00018326  00000-0  20461-3 0  9993
2 42736  51.6377  13.9566 0007330  46.0354 314.1244 15.62812557 37717
ATLANTIS                
1 42737U 98067MS  18022.94539014  .00109139  00000-0  59661-3 0  9994
2 42737  51.6294   5.4143 0006973  54.4037 305.7613 15.78999618 37690
PROGRESS-MS 06          
1 42756U 17033A   17361.53692593  .00001778  00000-0  33974-4 0  9991
2 42756  51.6414 154.4377 0002507 297.8505 171.2653 15.54221350 30510
ISS DEB (ROSA)          
1 42813U 98067MT  18023.19016750  .00529334  12890-3  11714-2 0  9996
2 42813  51.6289   1.7452 0007185  98.5716 261.6108 15.97355433 33169
SOYUZ-MS 06             
1 42937U 17054A   18022.82587215  .00001904  00000-0  35917-4 0  9996
2 42937  51.6424  23.3634 0003365  42.2316  19.3200 15.54198691 20528
PROGRESS-MS 07          
1 42971U 17065A   18022.82587215  .00001904  00000-0  35917-4 0  9996
2 42971  51.6424  23.3634 0003365  42.2316  19.3200 15.54198691 15632
SIMPL                   
1 42983U 98067NF  18023.24307521  .00003048  00000-0  51332-4 0  9997
2 42983  51.6437  20.8457 0004830  32.6943  56.9893 15.55199333 13651
ECAMSAT                 
1 43019U 98067NG  18023.22567794  .00005353  00000-0  83860-4 0  9998
2 43019  51.6408  20.9202 0005296   1.3982 358.7023 15.55493586 95972
ASTERIA                 
1 43020U 98067NH  18023.21418165  .00011243  00000-0  16484-3 0  9998
2 43020  51.6409  20.8467 0002679   6.2633 353.8392 15.56064140  9898
DELLINGR (RBLE)         
1 43021U 98067NJ  18022.96849412  .00006696  00000-0  10285-3 0  9992
2 43021  51.6408  22.2041 0002400   5.6469 354.4549 15.55567687  9854
TECHEDSAT 6             
1 43026U 98067NK  18023.21957247  .00072222  00000-0  81169-3 0  9999
2 43026  51.6383  19.3775 0004116  51.8166 308.3198 15.61935501  9810
OSIRIS-3U               
1 43027U 98067NL  18023.18189872  .00021823  00000-0  29776-3 0  9994
2 43027  51.6406  20.6309 0003419 349.3867  10.7053 15.57417513  9775
DRAGON CRS-13           
1 43060U 17080A   18013.43819444 -.00000207  00000-0  40301-5 0  9992
2 43060  51.6410  69.9362 0005652 135.1181 288.6702 15.56261152  4488
SOYUZ-MS 07             
1 43063U 17081A   18022.82587215  .00001904  00000-0  35917-4 0  9997
2 43063  51.6424  23.3634 0003365  42.2316  19.3200 15.54198691  5667
